21780.7
21780.7
30069
148953
444484
327974
327974
1.07365e+06
1.9216e+06
1.9178e+06
1.95025e+06
1.93893e+06
1.91255e+06
1.95445e+06
1.91287e+06
1.91287e+06
1.98549e+06
1.98117e+06
1.98117e+06
2.03181e+06
1.9869e+06
2.0186e+06
1.96084e+06
2.11089e+06
2.07683e+06
2.09146e+06
2.14898e+06
2.07573e+06
2.08839e+06
2.08839e+06
2.2494e+06
2.36479e+06
2.36479e+06
2.4003e+06
2.38612e+06
2.2996e+06
2.62412e+06
2.43395e+06
2.5609e+06
2.26958e+06
2.6409e+06
2.49338e+06
2.63332e+06
2.83137e+06
2.8043e+06
2.75567e+06
2.84601e+06
2.81813e+06
2.59876e+06
2.84708e+06
2.84586e+06
2.84586e+06
2.84586e+06
2.95107e+06
2.95993e+06
2.93052e+06
2.96333e+06
2.96333e+06
3.0221e+06
2.9542e+06
3.04151e+06
3.05089e+06
2.99931e+06
3.04409e+06
3.04398e+06
3.1044e+06
3.1044e+06
3.01675e+06
2.8267e+06
2.78371e+06
2.87673e+06
3.11128e+06
3.11128e+06
3.1113e+06
3.09922e+06
2.94938e+06
2.94938e+06
3.19527e+06
3.19527e+06
2.94739e+06
3.18664e+06
3.14691e+06
3.14691e+06
3.14691e+06
3.29306e+06
3.2921e+06
3.36303e+06
3.36303e+06
3.34437e+06
3.46019e+06
3.52793e+06
3.43811e+06
3.43916e+06
3.47011e+06
3.48141e+06
3.5484e+06
3.50329e+06
3.33512e+06
3.55704e+06
3.48657e+06
3.40601e+06
3.4635e+06
3.36853e+06
3.36853e+06
3.43591e+06
3.46164e+06
3.49805e+06
3.47296e+06
3.42085e+06
3.43993e+06
3.43993e+06
3.42361e+06
3.56468e+06
3.56468e+06
3.44228e+06
3.44228e+06
3.56468e+06
3.54214e+06
3.54214e+06
3.54216e+06
3.67767e+06
3.72754e+06
3.69899e+06
3.72458e+06
3.74105e+06
3.69827e+06
3.69208e+06
3.69827e+06
3.78879e+06
3.78768e+06
3.79374e+06
3.81792e+06
3.81794e+06
3.81334e+06
3.81334e+06
3.86549e+06
3.83536e+06
3.86984e+06
3.89337e+06
3.90236e+06
3.90236e+06
3.90236e+06
3.90236e+06
3.95062e+06
4.03241e+06
3.9934e+06
3.92064e+06
3.98229e+06
3.93201e+06
3.92917e+06
3.98349e+06
3.9492e+06
3.85629e+06
3.98908e+06
3.96524e+06
3.96524e+06
3.96511e+06
4.06139e+06
3.9557e+06
4.10376e+06
4.07714e+06
4.08742e+06
4.09018e+06
4.08643e+06
4.09013e+06
4.08043e+06
4.09013e+06
4.06015e+06
4.06016e+06
3.93135e+06
4.0542e+06
4.0542e+06
4.0542e+06
4.20615e+06
4.19915e+06
4.16157e+06
4.18454e+06
4.19136e+06
4.19136e+06
4.24558e+06
4.25682e+06
4.23285e+06
4.24204e+06
4.22021e+06
4.16428e+06
4.11979e+06
4.17243e+06
4.2024e+06
4.2024e+06
4.23522e+06
4.2388e+06
4.16336e+06
4.16336e+06
4.23375e+06
4.23375e+06
4.25341e+06
4.26818e+06
4.26818e+06
4.27664e+06
4.19324e+06
4.27084e+06
4.22233e+06
4.314e+06
4.314e+06
4.37847e+06
4.3563e+06
4.311e+06
4.36869e+06
4.34789e+06
4.37413e+06
4.35857e+06
4.36574e+06
4.33692e+06
4.31471e+06
4.35617e+06
4.35616e+06
4.35605e+06
4.37056e+06
4.38174e+06
4.39703e+06
4.4161e+06
4.39777e+06
4.39777e+06
4.39777e+06
4.38816e+06
4.40033e+06
4.3569e+06
4.34128e+06
4.34128e+06
4.34128e+06
4.34128e+06
4.33773e+06
4.40817e+06
4.40817e+06
4.43234e+06
4.41166e+06
4.38556e+06
4.38556e+06
4.36115e+06
4.41612e+06
4.44885e+06
4.38661e+06
4.38661e+06
4.4129e+06
4.4276e+06
4.43097e+06
4.45301e+06
4.45715e+06
4.42491e+06
4.42491e+06
4.44475e+06
4.42413e+06
4.4414e+06
4.46269e+06
4.42678e+06
4.42678e+06
4.42529e+06
4.42529e+06
4.42529e+06
4.42529e+06
4.47733e+06
4.46185e+06
4.48383e+06
4.4676e+06
4.49123e+06
4.46762e+06
4.43011e+06
4.43011e+06
4.48913e+06
4.47614e+06
4.47614e+06
4.51061e+06
4.51843e+06
4.48576e+06
4.531e+06
4.49784e+06
4.54041e+06
4.46519e+06
4.46519e+06
4.52103e+06
4.53666e+06
4.55608e+06
4.54917e+06
4.57478e+06
4.53046e+06
4.51511e+06
4.55761e+06
4.55761e+06
4.55761e+06
4.55761e+06
4.56293e+06
4.56289e+06
4.54844e+06
4.5008e+06
4.53281e+06
4.55354e+06
4.52385e+06
4.55278e+06
4.51999e+06
4.52927e+06
4.52927e+06
4.54464e+06
4.55326e+06
4.52354e+06
4.5533e+06
4.55829e+06
4.5906e+06
4.5906e+06
4.57082e+06
4.63627e+06
4.60923e+06
4.62149e+06
4.64001e+06
4.64183e+06
4.64084e+06
4.62639e+06
4.655e+06
4.63357e+06
4.64698e+06
4.63133e+06
4.63073e+06
4.64647e+06
4.64728e+06
4.65644e+06
4.64115e+06
4.63471e+06
4.64669e+06
4.64669e+06
4.66651e+06
4.63182e+06
4.64671e+06
4.64268e+06
4.65116e+06
4.62495e+06
4.60041e+06
4.62263e+06
4.62264e+06
4.62264e+06
4.65562e+06
4.64805e+06
4.65554e+06
4.63097e+06
4.63359e+06
4.63359e+06
4.64774e+06
4.64691e+06
4.64796e+06
4.6534e+06
4.65344e+06
4.66899e+06
4.6534e+06
4.66117e+06
4.66437e+06
4.66437e+06
4.64314e+06
4.63348e+06
4.63351e+06
4.6545e+06
4.64819e+06
4.66563e+06
4.67519e+06
4.6725e+06
4.67254e+06
4.64252e+06
4.66127e+06
4.63147e+06
4.66461e+06
4.66461e+06
4.62893e+06
4.62896e+06
4.65584e+06
4.62585e+06
4.62585e+06
4.65001e+06
4.65856e+06
4.65856e+06
4.65856e+06
4.66218e+06
4.653e+06
4.66733e+06
4.66788e+06
4.69411e+06
4.66995e+06
4.68379e+06
4.64508e+06
4.6781e+06
4.6781e+06
4.66064e+06
4.63618e+06
4.66061e+06
4.67635e+06
4.67215e+06
4.69893e+06
4.69893e+06
4.70041e+06
4.6504e+06
4.67486e+06
4.67482e+06
4.69717e+06
4.69168e+06
4.67691e+06
4.67478e+06
4.70343e+06
4.67345e+06
4.67869e+06
4.65186e+06
4.67995e+06
4.68069e+06
4.69316e+06
4.69254e+06
4.68994e+06
4.68665e+06
4.65738e+06
4.66765e+06
4.6814e+06
4.68665e+06
4.66763e+06
4.69723e+06
4.68665e+06
4.68665e+06
4.68285e+06
4.68617e+06
4.67336e+06
4.65675e+06
4.68674e+06
4.70254e+06
4.68664e+06
4.68664e+06
4.68306e+06
4.66653e+06
4.66571e+06
4.66836e+06
4.66836e+06
4.66837e+06
4.67358e+06
4.68035e+06
4.68044e+06
4.67673e+06
4.67673e+06
4.69008e+06
4.6872e+06
4.69008e+06
4.69009e+06
4.67815e+06
4.66716e+06
4.66722e+06
4.67905e+06
4.65615e+06
4.67818e+06
4.65616e+06
4.65616e+06
4.65616e+06
4.6681e+06
4.6892e+06
4.6892e+06
4.6892e+06
4.67603e+06
4.65657e+06
4.6906e+06
4.68648e+06
4.68372e+06
4.69163e+06
4.68651e+06
4.68651e+06
4.68443e+06
4.67886e+06
4.67887e+06
4.65659e+06
4.65659e+06
4.65659e+06
4.65666e+06
4.65674e+06
4.67792e+06
4.67706e+06
4.69138e+06
4.69138e+06
4.69138e+06
4.70211e+06
4.68259e+06
4.69549e+06
4.65259e+06
4.69424e+06
4.67702e+06
4.67702e+06
4.71213e+06
4.66766e+06
4.66766e+06
4.66766e+06
4.66766e+06
4.65747e+06
4.65747e+06
4.6575e+06
4.70384e+06
4.68019e+06
4.64211e+06
4.67704e+06
4.67711e+06
4.67711e+06
4.67709e+06
4.66202e+06
4.66202e+06
4.6392e+06
4.67888e+06
4.66774e+06
4.67891e+06
4.66841e+06
4.67891e+06
4.66766e+06
4.66712e+06
4.69535e+06
4.68195e+06
4.68303e+06
4.68296e+06
4.68296e+06
4.68296e+06
4.67133e+06
4.69238e+06
4.68082e+06
4.68082e+06
4.68666e+06
4.67889e+06
4.68017e+06
4.68088e+06
4.68088e+06
4.70137e+06
4.70074e+06
4.69346e+06
4.69331e+06
4.69336e+06
4.68296e+06
4.69346e+06
4.67682e+06
4.67682e+06
4.6642e+06
4.6642e+06
4.67708e+06
4.68371e+06
4.70257e+06
4.69234e+06
4.68306e+06
4.68305e+06
4.71509e+06
4.69417e+06
4.71868e+06
4.68012e+06
4.68012e+06
4.68012e+06
4.68008e+06
4.68008e+06
4.68008e+06
4.68008e+06
4.68008e+06
4.68942e+06
4.68942e+06
4.69844e+06
4.72421e+06
4.71987e+06
4.69398e+06
4.71774e+06
4.68354e+06
4.70872e+06
4.70872e+06
4.68868e+06
4.69912e+06
4.69912e+06
4.70263e+06
4.69912e+06
4.71971e+06
4.6971e+06
4.73491e+06
4.73082e+06
4.73491e+06
4.71849e+06
4.72678e+06
4.73496e+06
4.72747e+06
4.72747e+06
4.72747e+06
4.72596e+06
4.69129e+06
4.70935e+06
4.70935e+06
4.69701e+06
4.70035e+06
4.70035e+06
4.71764e+06
4.73034e+06
4.7177e+06
4.70932e+06
4.70843e+06
4.70638e+06
4.70939e+06
4.70934e+06
4.70939e+06
4.71739e+06
4.71554e+06
4.72294e+06
4.71843e+06
4.70928e+06
